@8 cells
#1
100010001
000000000
001000100
000000000
100010001
000000000
001000100
000000000
100010001

#2
000000000
000000000
000000000
000000000
000000000
000000000
000000000
000000000
000000000

#3
001000100
000000000
100010001
000000000
001000100
000000000
100010001
000000000
001000100

#4
000000000
000000000
000000000
000000000
000000000
000000000
000000000
000000000
000000000

#5
100010001
000000000
001000100
000000000
100010001
000000000
001000100
000000000
100010001

#6
000000000
000000000
000000000
000000000
000000000
000000000
000000000
000000000
000000000

#7
001000100
000000000
100010001
000000000
001000100
000000000
100010001
000000000
001000100

#8
000000000
000000000
000000000
000000000
000000000
000000000
000000000
000000000
000000000

#9
100010001
000000000
001000100
000000000
100010001
000000000
001000100
000000000
100010001
