groupe1
motif1
#1
001000000
000010100
010000000
001000010
000000000
001000000
001000101
000100000
001000000
#2
000000000
000000000
000000000
000000000
000000000
000000000
000000000
000000000
000010100
#3
000000000
000000000
000000000
000000000
000000000
000000000
000000000
000000000
010000000
#4
000000000
000000000
000000000
000000000
000000000
000000000
000000000
000000000
001000010
#5
000000000
000000000
000000000
000000000
000000000
000000000
000000000
000000000
000000000
#6
000000000
000000000
000000000
000000000
000000000
000000000
000000000
000000000
001000000
#7
000000000
000000000
000000000
000000000
000000000
000000000
000000000
000000000
001000101
#8
000000000
000000000
000000000
000000000
000000000
000000000
000000000
000000000
000100000
#9
000000000
000000000
000000000
000000000
000000000
000000000
000000000
000000000
000000000

